0 0
1 1
2 2
3 3
4 10
5 11
6 12
7 58
8 59
9 60
10 70
11 85
12 86
0 10
1 11
2 12
3 3
4 0
5 1
6 2
7 85
8 86
9 70
10 60
11 58
12 59
0 4
1 5
2 2
3 6
4 13
5 11
6 12
7 72
8 65
9 73
10 77
11 87
12 94
0 13
1 11
2 12
3 6
4 4
5 5
6 2
7 87
8 94
9 77
10 73
11 72
12 65
0 17
1 11
2 12
3 18
4 25
5 26
6 2
7 90
8 97
9 102
10 103
11 115
12 69
0 25
1 26
2 2
3 18
4 17
5 11
6 12
7 115
8 69
9 103
10 102
11 90
12 97
0 19
1 11
2 12
3 20
4 21
5 22
6 2
7 91
8 98
9 105
10 106
11 109
12 67
0 21
1 22
2 2
3 20
4 19
5 11
6 12
7 109
8 67
9 106
10 105
11 91
12 98
0 37
1 31
2 22
3 36
4 38
5 29
6 5
7 125
8 110
9 131
10 132
11 123
12 74
0 38
1 29
2 5
3 36
4 37
5 31
6 22
7 123
8 74
9 132
10 131
11 125
12 110
