0 48
1 11
2 26
3 92
4 118
0 48
1 26
2 11
3 118
4 92
0 49
1 1
2 11
3 63
4 93
0 49
1 11
2 1
3 93
4 63
0 50
1 18
2 20
3 104
4 107
0 50
1 20
2 18
3 107
4 104
0 51
1 22
2 26
3 111
4 119
0 51
1 26
2 22
3 119
4 111
0 52
1 9
2 22
3 84
4 112
0 52
1 22
2 9
3 112
4 84
0 53
1 16
2 20
3 101
4 108
0 53
1 20
2 16
3 108
4 101
0 54
1 1
2 5
3 64
4 75
0 54
1 5
2 1
3 75
4 64
0 55
1 5
2 24
3 76
4 114
0 55
1 24
2 5
3 114
4 76
0 56
1 3
2 6
3 71
4 78
0 56
1 6
2 3
3 78
4 71
0 57
1 6
2 8
3 79
4 83
0 57
1 8
2 6
3 83
4 79
