0 19
1 12
2 20
3 21
4 22
5 16
6 141
7 151
8 152
9 153
10 158
11 148
0 22
1 16
2 20
3 21
4 19
5 12
6 148
7 153
8 158
9 151
10 152
11 141
0 23
1 12
2 24
3 21
4 28
5 16
6 142
7 173
8 159
9 174
10 160
11 150
0 28
1 16
2 24
3 21
4 23
5 12
6 150
7 174
8 160
9 173
10 159
11 142
0 32
1 33
2 30
3 21
4 38
5 39
6 204
7 183
8 161
9 186
10 162
11 212
0 32
1 33
2 30
3 21
4 44
5 45
6 204
7 183
8 161
9 189
10 163
11 221
0 32
1 33
2 30
3 21
4 56
5 57
6 204
7 183
8 161
9 192
10 165
11 251
0 32
1 33
2 30
3 21
4 68
5 69
6 204
7 183
8 161
9 195
10 167
11 270
0 32
1 33
2 30
3 21
4 89
5 90
6 204
7 183
8 161
9 198
10 171
11 287
0 38
1 39
2 30
3 21
4 32
5 33
6 212
7 186
8 162
9 183
10 161
11 204
0 38
1 39
2 30
3 21
4 44
5 45
6 212
7 186
8 162
9 189
10 163
11 221
0 38
1 39
2 30
3 21
4 56
5 57
6 212
7 186
8 162
9 192
10 165
11 251
0 38
1 39
2 30
3 21
4 68
5 69
6 212
7 186
8 162
9 195
10 167
11 270
0 38
1 39
2 30
3 21
4 89
5 90
6 212
7 186
8 162
9 198
10 171
11 287
0 44
1 45
2 30
3 21
4 32
5 33
6 221
7 189
8 163
9 183
10 161
11 204
0 44
1 45
2 30
3 21
4 38
5 39
6 221
7 189
8 163
9 186
10 162
11 212
0 44
1 45
2 30
3 21
4 56
5 57
6 221
7 189
8 163
9 192
10 165
11 251
0 44
1 45
2 30
3 21
4 68
5 69
6 221
7 189
8 163
9 195
10 167
11 270
0 44
1 45
2 30
3 21
4 89
5 90
6 221
7 189
8 163
9 198
10 171
11 287
0 56
1 57
2 30
3 21
4 32
5 33
6 251
7 192
8 165
9 183
10 161
11 204
0 56
1 57
2 30
3 21
4 38
5 39
6 251
7 192
8 165
9 186
10 162
11 212
0 56
1 57
2 30
3 21
4 44
5 45
6 251
7 192
8 165
9 189
10 163
11 221
0 56
1 57
2 30
3 21
4 68
5 69
6 251
7 192
8 165
9 195
10 167
11 270
0 56
1 57
2 30
3 21
4 89
5 90
6 251
7 192
8 165
9 198
10 171
11 287
0 68
1 69
2 30
3 21
4 32
5 33
6 270
7 195
8 167
9 183
10 161
11 204
0 68
1 69
2 30
3 21
4 38
5 39
6 270
7 195
8 167
9 186
10 162
11 212
0 68
1 69
2 30
3 21
4 44
5 45
6 270
7 195
8 167
9 189
10 163
11 221
0 68
1 69
2 30
3 21
4 56
5 57
6 270
7 195
8 167
9 192
10 165
11 251
0 68
1 69
2 30
3 21
4 89
5 90
6 270
7 195
8 167
9 198
10 171
11 287
0 89
1 90
2 30
3 21
4 32
5 33
6 287
7 198
8 171
9 183
10 161
11 204
0 89
1 90
2 30
3 21
4 38
5 39
6 287
7 198
8 171
9 186
10 162
11 212
0 89
1 90
2 30
3 21
4 44
5 45
6 287
7 198
8 171
9 189
10 163
11 221
0 89
1 90
2 30
3 21
4 56
5 57
6 287
7 198
8 171
9 192
10 165
11 251
0 89
1 90
2 30
3 21
4 68
5 69
6 287
7 198
8 171
9 195
10 167
11 270
0 51
1 52
2 50
3 21
4 61
5 62
6 248
7 231
8 164
9 234
10 166
11 254
0 51
1 52
2 50
3 21
4 74
5 75
6 248
7 231
8 164
9 237
10 168
11 278
0 51
1 52
2 50
3 21
4 79
5 80
6 248
7 231
8 164
9 240
10 169
11 281
0 51
1 52
2 50
3 21
4 84
5 85
6 248
7 231
8 164
9 243
10 170
11 284
0 51
1 52
2 50
3 21
4 94
5 95
6 248
7 231
8 164
9 246
10 172
11 290
0 61
1 62
2 50
3 21
4 51
5 52
6 254
7 234
8 166
9 231
10 164
11 248
0 61
1 62
2 50
3 21
4 74
5 75
6 254
7 234
8 166
9 237
10 168
11 278
0 61
1 62
2 50
3 21
4 79
5 80
6 254
7 234
8 166
9 240
10 169
11 281
0 61
1 62
2 50
3 21
4 84
5 85
6 254
7 234
8 166
9 243
10 170
11 284
0 61
1 62
2 50
3 21
4 94
5 95
6 254
7 234
8 166
9 246
10 172
11 290
0 74
1 75
2 50
3 21
4 51
5 52
6 278
7 237
8 168
9 231
10 164
11 248
0 74
1 75
2 50
3 21
4 61
5 62
6 278
7 237
8 168
9 234
10 166
11 254
0 74
1 75
2 50
3 21
4 79
5 80
6 278
7 237
8 168
9 240
10 169
11 281
0 74
1 75
2 50
3 21
4 84
5 85
6 278
7 237
8 168
9 243
10 170
11 284
0 74
1 75
2 50
3 21
4 94
5 95
6 278
7 237
8 168
9 246
10 172
11 290
0 79
1 80
2 50
3 21
4 51
5 52
6 281
7 240
8 169
9 231
10 164
11 248
0 79
1 80
2 50
3 21
4 61
5 62
6 281
7 240
8 169
9 234
10 166
11 254
0 79
1 80
2 50
3 21
4 74
5 75
6 281
7 240
8 169
9 237
10 168
11 278
0 79
1 80
2 50
3 21
4 84
5 85
6 281
7 240
8 169
9 243
10 170
11 284
0 79
1 80
2 50
3 21
4 94
5 95
6 281
7 240
8 169
9 246
10 172
11 290
0 84
1 85
2 50
3 21
4 51
5 52
6 284
7 243
8 170
9 231
10 164
11 248
0 84
1 85
2 50
3 21
4 61
5 62
6 284
7 243
8 170
9 234
10 166
11 254
0 84
1 85
2 50
3 21
4 74
5 75
6 284
7 243
8 170
9 237
10 168
11 278
0 84
1 85
2 50
3 21
4 79
5 80
6 284
7 243
8 170
9 240
10 169
11 281
0 84
1 85
2 50
3 21
4 94
5 95
6 284
7 243
8 170
9 246
10 172
11 290
0 94
1 95
2 50
3 21
4 51
5 52
6 290
7 246
8 172
9 231
10 164
11 248
0 94
1 95
2 50
3 21
4 61
5 62
6 290
7 246
8 172
9 234
10 166
11 254
0 94
1 95
2 50
3 21
4 74
5 75
6 290
7 246
8 172
9 237
10 168
11 278
0 94
1 95
2 50
3 21
4 79
5 80
6 290
7 246
8 172
9 240
10 169
11 281
0 94
1 95
2 50
3 21
4 84
5 85
6 290
7 246
8 172
9 243
10 170
11 284
