0 35
1 31
2 33
3 5
4 77
5 73
6 75
7 200
8 206
9 126
10 128
11 274
12 280
0 77
1 73
2 75
3 5
4 35
5 31
6 33
7 274
8 280
9 128
10 126
11 200
12 206
0 41
1 37
2 39
3 10
4 87
5 66
6 85
7 208
8 214
9 135
10 137
11 261
12 286
0 87
1 66
2 85
3 10
4 41
5 37
6 39
7 261
8 286
9 137
10 135
11 208
12 214
0 19
1 12
2 20
3 21
4 28
5 16
6 24
7 141
8 151
9 152
10 160
11 150
12 174
0 19
1 12
2 20
3 21
4 32
5 33
6 30
7 141
8 151
9 152
10 161
11 204
12 183
0 19
1 12
2 20
3 21
4 38
5 39
6 30
7 141
8 151
9 152
10 162
11 212
12 186
0 19
1 12
2 20
3 21
4 44
5 45
6 30
7 141
8 151
9 152
10 163
11 221
12 189
0 19
1 12
2 20
3 21
4 51
5 52
6 50
7 141
8 151
9 152
10 164
11 248
12 231
0 19
1 12
2 20
3 21
4 56
5 57
6 30
7 141
8 151
9 152
10 165
11 251
12 192
0 19
1 12
2 20
3 21
4 61
5 62
6 50
7 141
8 151
9 152
10 166
11 254
12 234
0 19
1 12
2 20
3 21
4 68
5 69
6 30
7 141
8 151
9 152
10 167
11 270
12 195
0 19
1 12
2 20
3 21
4 74
5 75
6 50
7 141
8 151
9 152
10 168
11 278
12 237
0 19
1 12
2 20
3 21
4 79
5 80
6 50
7 141
8 151
9 152
10 169
11 281
12 240
0 19
1 12
2 20
3 21
4 84
5 85
6 50
7 141
8 151
9 152
10 170
11 284
12 243
0 19
1 12
2 20
3 21
4 89
5 90
6 30
7 141
8 151
9 152
10 171
11 287
12 198
0 19
1 12
2 20
3 21
4 94
5 95
6 50
7 141
8 151
9 152
10 172
11 290
12 246
0 22
1 16
2 20
3 21
4 23
5 12
6 24
7 148
8 153
9 158
10 159
11 142
12 173
0 22
1 16
2 20
3 21
4 32
5 33
6 30
7 148
8 153
9 158
10 161
11 204
12 183
0 22
1 16
2 20
3 21
4 38
5 39
6 30
7 148
8 153
9 158
10 162
11 212
12 186
0 22
1 16
2 20
3 21
4 44
5 45
6 30
7 148
8 153
9 158
10 163
11 221
12 189
0 22
1 16
2 20
3 21
4 51
5 52
6 50
7 148
8 153
9 158
10 164
11 248
12 231
0 22
1 16
2 20
3 21
4 56
5 57
6 30
7 148
8 153
9 158
10 165
11 251
12 192
0 22
1 16
2 20
3 21
4 61
5 62
6 50
7 148
8 153
9 158
10 166
11 254
12 234
0 22
1 16
2 20
3 21
4 68
5 69
6 30
7 148
8 153
9 158
10 167
11 270
12 195
0 22
1 16
2 20
3 21
4 74
5 75
6 50
7 148
8 153
9 158
10 168
11 278
12 237
0 22
1 16
2 20
3 21
4 79
5 80
6 50
7 148
8 153
9 158
10 169
11 281
12 240
0 22
1 16
2 20
3 21
4 84
5 85
6 50
7 148
8 153
9 158
10 170
11 284
12 243
0 22
1 16
2 20
3 21
4 89
5 90
6 30
7 148
8 153
9 158
10 171
11 287
12 198
0 22
1 16
2 20
3 21
4 94
5 95
6 50
7 148
8 153
9 158
10 172
11 290
12 246
0 23
1 12
2 24
3 21
4 22
5 16
6 20
7 142
8 173
9 159
10 158
11 148
12 153
0 23
1 12
2 24
3 21
4 32
5 33
6 30
7 142
8 173
9 159
10 161
11 204
12 183
0 23
1 12
2 24
3 21
4 38
5 39
6 30
7 142
8 173
9 159
10 162
11 212
12 186
0 23
1 12
2 24
3 21
4 44
5 45
6 30
7 142
8 173
9 159
10 163
11 221
12 189
0 23
1 12
2 24
3 21
4 51
5 52
6 50
7 142
8 173
9 159
10 164
11 248
12 231
0 23
1 12
2 24
3 21
4 56
5 57
6 30
7 142
8 173
9 159
10 165
11 251
12 192
0 23
1 12
2 24
3 21
4 61
5 62
6 50
7 142
8 173
9 159
10 166
11 254
12 234
0 23
1 12
2 24
3 21
4 68
5 69
6 30
7 142
8 173
9 159
10 167
11 270
12 195
0 23
1 12
2 24
3 21
4 74
5 75
6 50
7 142
8 173
9 159
10 168
11 278
12 237
0 23
1 12
2 24
3 21
4 79
5 80
6 50
7 142
8 173
9 159
10 169
11 281
12 240
0 23
1 12
2 24
3 21
4 84
5 85
6 50
7 142
8 173
9 159
10 170
11 284
12 243
0 23
1 12
2 24
3 21
4 89
5 90
6 30
7 142
8 173
9 159
10 171
11 287
12 198
0 23
1 12
2 24
3 21
4 94
5 95
6 50
7 142
8 173
9 159
10 172
11 290
12 246
0 28
1 16
2 24
3 21
4 19
5 12
6 20
7 150
8 174
9 160
10 152
11 141
12 151
0 28
1 16
2 24
3 21
4 32
5 33
6 30
7 150
8 174
9 160
10 161
11 204
12 183
0 28
1 16
2 24
3 21
4 38
5 39
6 30
7 150
8 174
9 160
10 162
11 212
12 186
0 28
1 16
2 24
3 21
4 44
5 45
6 30
7 150
8 174
9 160
10 163
11 221
12 189
0 28
1 16
2 24
3 21
4 51
5 52
6 50
7 150
8 174
9 160
10 164
11 248
12 231
0 28
1 16
2 24
3 21
4 56
5 57
6 30
7 150
8 174
9 160
10 165
11 251
12 192
0 28
1 16
2 24
3 21
4 61
5 62
6 50
7 150
8 174
9 160
10 166
11 254
12 234
0 28
1 16
2 24
3 21
4 68
5 69
6 30
7 150
8 174
9 160
10 167
11 270
12 195
0 28
1 16
2 24
3 21
4 74
5 75
6 50
7 150
8 174
9 160
10 168
11 278
12 237
0 28
1 16
2 24
3 21
4 79
5 80
6 50
7 150
8 174
9 160
10 169
11 281
12 240
0 28
1 16
2 24
3 21
4 84
5 85
6 50
7 150
8 174
9 160
10 170
11 284
12 243
0 28
1 16
2 24
3 21
4 89
5 90
6 30
7 150
8 174
9 160
10 171
11 287
12 198
0 28
1 16
2 24
3 21
4 94
5 95
6 50
7 150
8 174
9 160
10 172
11 290
12 246
0 32
1 33
2 30
3 21
4 19
5 12
6 20
7 204
8 183
9 161
10 152
11 141
12 151
0 32
1 33
2 30
3 21
4 22
5 16
6 20
7 204
8 183
9 161
10 158
11 148
12 153
0 32
1 33
2 30
3 21
4 23
5 12
6 24
7 204
8 183
9 161
10 159
11 142
12 173
0 32
1 33
2 30
3 21
4 28
5 16
6 24
7 204
8 183
9 161
10 160
11 150
12 174
0 32
1 33
2 30
3 21
4 51
5 52
6 50
7 204
8 183
9 161
10 164
11 248
12 231
0 32
1 33
2 30
3 21
4 61
5 62
6 50
7 204
8 183
9 161
10 166
11 254
12 234
0 32
1 33
2 30
3 21
4 74
5 75
6 50
7 204
8 183
9 161
10 168
11 278
12 237
0 32
1 33
2 30
3 21
4 79
5 80
6 50
7 204
8 183
9 161
10 169
11 281
12 240
0 32
1 33
2 30
3 21
4 84
5 85
6 50
7 204
8 183
9 161
10 170
11 284
12 243
0 32
1 33
2 30
3 21
4 94
5 95
6 50
7 204
8 183
9 161
10 172
11 290
12 246
0 38
1 39
2 30
3 21
4 19
5 12
6 20
7 212
8 186
9 162
10 152
11 141
12 151
0 38
1 39
2 30
3 21
4 22
5 16
6 20
7 212
8 186
9 162
10 158
11 148
12 153
0 38
1 39
2 30
3 21
4 23
5 12
6 24
7 212
8 186
9 162
10 159
11 142
12 173
0 38
1 39
2 30
3 21
4 28
5 16
6 24
7 212
8 186
9 162
10 160
11 150
12 174
0 38
1 39
2 30
3 21
4 51
5 52
6 50
7 212
8 186
9 162
10 164
11 248
12 231
0 38
1 39
2 30
3 21
4 61
5 62
6 50
7 212
8 186
9 162
10 166
11 254
12 234
0 38
1 39
2 30
3 21
4 74
5 75
6 50
7 212
8 186
9 162
10 168
11 278
12 237
0 38
1 39
2 30
3 21
4 79
5 80
6 50
7 212
8 186
9 162
10 169
11 281
12 240
0 38
1 39
2 30
3 21
4 84
5 85
6 50
7 212
8 186
9 162
10 170
11 284
12 243
0 38
1 39
2 30
3 21
4 94
5 95
6 50
7 212
8 186
9 162
10 172
11 290
12 246
0 44
1 45
2 30
3 21
4 19
5 12
6 20
7 221
8 189
9 163
10 152
11 141
12 151
0 44
1 45
2 30
3 21
4 22
5 16
6 20
7 221
8 189
9 163
10 158
11 148
12 153
0 44
1 45
2 30
3 21
4 23
5 12
6 24
7 221
8 189
9 163
10 159
11 142
12 173
0 44
1 45
2 30
3 21
4 28
5 16
6 24
7 221
8 189
9 163
10 160
11 150
12 174
0 44
1 45
2 30
3 21
4 51
5 52
6 50
7 221
8 189
9 163
10 164
11 248
12 231
0 44
1 45
2 30
3 21
4 61
5 62
6 50
7 221
8 189
9 163
10 166
11 254
12 234
0 44
1 45
2 30
3 21
4 74
5 75
6 50
7 221
8 189
9 163
10 168
11 278
12 237
0 44
1 45
2 30
3 21
4 79
5 80
6 50
7 221
8 189
9 163
10 169
11 281
12 240
0 44
1 45
2 30
3 21
4 84
5 85
6 50
7 221
8 189
9 163
10 170
11 284
12 243
0 44
1 45
2 30
3 21
4 94
5 95
6 50
7 221
8 189
9 163
10 172
11 290
12 246
0 51
1 52
2 50
3 21
4 19
5 12
6 20
7 248
8 231
9 164
10 152
11 141
12 151
0 51
1 52
2 50
3 21
4 22
5 16
6 20
7 248
8 231
9 164
10 158
11 148
12 153
0 51
1 52
2 50
3 21
4 23
5 12
6 24
7 248
8 231
9 164
10 159
11 142
12 173
0 51
1 52
2 50
3 21
4 28
5 16
6 24
7 248
8 231
9 164
10 160
11 150
12 174
0 51
1 52
2 50
3 21
4 32
5 33
6 30
7 248
8 231
9 164
10 161
11 204
12 183
0 51
1 52
2 50
3 21
4 38
5 39
6 30
7 248
8 231
9 164
10 162
11 212
12 186
0 51
1 52
2 50
3 21
4 44
5 45
6 30
7 248
8 231
9 164
10 163
11 221
12 189
0 51
1 52
2 50
3 21
4 56
5 57
6 30
7 248
8 231
9 164
10 165
11 251
12 192
0 51
1 52
2 50
3 21
4 68
5 69
6 30
7 248
8 231
9 164
10 167
11 270
12 195
0 51
1 52
2 50
3 21
4 89
5 90
6 30
7 248
8 231
9 164
10 171
11 287
12 198
0 56
1 57
2 30
3 21
4 19
5 12
6 20
7 251
8 192
9 165
10 152
11 141
12 151
0 56
1 57
2 30
3 21
4 22
5 16
6 20
7 251
8 192
9 165
10 158
11 148
12 153
0 56
1 57
2 30
3 21
4 23
5 12
6 24
7 251
8 192
9 165
10 159
11 142
12 173
0 56
1 57
2 30
3 21
4 28
5 16
6 24
7 251
8 192
9 165
10 160
11 150
12 174
0 56
1 57
2 30
3 21
4 51
5 52
6 50
7 251
8 192
9 165
10 164
11 248
12 231
0 56
1 57
2 30
3 21
4 61
5 62
6 50
7 251
8 192
9 165
10 166
11 254
12 234
0 56
1 57
2 30
3 21
4 74
5 75
6 50
7 251
8 192
9 165
10 168
11 278
12 237
0 56
1 57
2 30
3 21
4 79
5 80
6 50
7 251
8 192
9 165
10 169
11 281
12 240
0 56
1 57
2 30
3 21
4 84
5 85
6 50
7 251
8 192
9 165
10 170
11 284
12 243
0 56
1 57
2 30
3 21
4 94
5 95
6 50
7 251
8 192
9 165
10 172
11 290
12 246
0 61
1 62
2 50
3 21
4 19
5 12
6 20
7 254
8 234
9 166
10 152
11 141
12 151
0 61
1 62
2 50
3 21
4 22
5 16
6 20
7 254
8 234
9 166
10 158
11 148
12 153
0 61
1 62
2 50
3 21
4 23
5 12
6 24
7 254
8 234
9 166
10 159
11 142
12 173
0 61
1 62
2 50
3 21
4 28
5 16
6 24
7 254
8 234
9 166
10 160
11 150
12 174
0 61
1 62
2 50
3 21
4 32
5 33
6 30
7 254
8 234
9 166
10 161
11 204
12 183
0 61
1 62
2 50
3 21
4 38
5 39
6 30
7 254
8 234
9 166
10 162
11 212
12 186
0 61
1 62
2 50
3 21
4 44
5 45
6 30
7 254
8 234
9 166
10 163
11 221
12 189
0 61
1 62
2 50
3 21
4 56
5 57
6 30
7 254
8 234
9 166
10 165
11 251
12 192
0 61
1 62
2 50
3 21
4 68
5 69
6 30
7 254
8 234
9 166
10 167
11 270
12 195
0 61
1 62
2 50
3 21
4 89
5 90
6 30
7 254
8 234
9 166
10 171
11 287
12 198
0 68
1 69
2 30
3 21
4 19
5 12
6 20
7 270
8 195
9 167
10 152
11 141
12 151
0 68
1 69
2 30
3 21
4 22
5 16
6 20
7 270
8 195
9 167
10 158
11 148
12 153
0 68
1 69
2 30
3 21
4 23
5 12
6 24
7 270
8 195
9 167
10 159
11 142
12 173
0 68
1 69
2 30
3 21
4 28
5 16
6 24
7 270
8 195
9 167
10 160
11 150
12 174
0 68
1 69
2 30
3 21
4 51
5 52
6 50
7 270
8 195
9 167
10 164
11 248
12 231
0 68
1 69
2 30
3 21
4 61
5 62
6 50
7 270
8 195
9 167
10 166
11 254
12 234
0 68
1 69
2 30
3 21
4 74
5 75
6 50
7 270
8 195
9 167
10 168
11 278
12 237
0 68
1 69
2 30
3 21
4 79
5 80
6 50
7 270
8 195
9 167
10 169
11 281
12 240
0 68
1 69
2 30
3 21
4 84
5 85
6 50
7 270
8 195
9 167
10 170
11 284
12 243
0 68
1 69
2 30
3 21
4 94
5 95
6 50
7 270
8 195
9 167
10 172
11 290
12 246
0 74
1 75
2 50
3 21
4 19
5 12
6 20
7 278
8 237
9 168
10 152
11 141
12 151
0 74
1 75
2 50
3 21
4 22
5 16
6 20
7 278
8 237
9 168
10 158
11 148
12 153
0 74
1 75
2 50
3 21
4 23
5 12
6 24
7 278
8 237
9 168
10 159
11 142
12 173
0 74
1 75
2 50
3 21
4 28
5 16
6 24
7 278
8 237
9 168
10 160
11 150
12 174
0 74
1 75
2 50
3 21
4 32
5 33
6 30
7 278
8 237
9 168
10 161
11 204
12 183
0 74
1 75
2 50
3 21
4 38
5 39
6 30
7 278
8 237
9 168
10 162
11 212
12 186
0 74
1 75
2 50
3 21
4 44
5 45
6 30
7 278
8 237
9 168
10 163
11 221
12 189
0 74
1 75
2 50
3 21
4 56
5 57
6 30
7 278
8 237
9 168
10 165
11 251
12 192
0 74
1 75
2 50
3 21
4 68
5 69
6 30
7 278
8 237
9 168
10 167
11 270
12 195
0 74
1 75
2 50
3 21
4 89
5 90
6 30
7 278
8 237
9 168
10 171
11 287
12 198
0 79
1 80
2 50
3 21
4 19
5 12
6 20
7 281
8 240
9 169
10 152
11 141
12 151
0 79
1 80
2 50
3 21
4 22
5 16
6 20
7 281
8 240
9 169
10 158
11 148
12 153
0 79
1 80
2 50
3 21
4 23
5 12
6 24
7 281
8 240
9 169
10 159
11 142
12 173
0 79
1 80
2 50
3 21
4 28
5 16
6 24
7 281
8 240
9 169
10 160
11 150
12 174
0 79
1 80
2 50
3 21
4 32
5 33
6 30
7 281
8 240
9 169
10 161
11 204
12 183
0 79
1 80
2 50
3 21
4 38
5 39
6 30
7 281
8 240
9 169
10 162
11 212
12 186
0 79
1 80
2 50
3 21
4 44
5 45
6 30
7 281
8 240
9 169
10 163
11 221
12 189
0 79
1 80
2 50
3 21
4 56
5 57
6 30
7 281
8 240
9 169
10 165
11 251
12 192
0 79
1 80
2 50
3 21
4 68
5 69
6 30
7 281
8 240
9 169
10 167
11 270
12 195
0 79
1 80
2 50
3 21
4 89
5 90
6 30
7 281
8 240
9 169
10 171
11 287
12 198
0 84
1 85
2 50
3 21
4 19
5 12
6 20
7 284
8 243
9 170
10 152
11 141
12 151
0 84
1 85
2 50
3 21
4 22
5 16
6 20
7 284
8 243
9 170
10 158
11 148
12 153
0 84
1 85
2 50
3 21
4 23
5 12
6 24
7 284
8 243
9 170
10 159
11 142
12 173
0 84
1 85
2 50
3 21
4 28
5 16
6 24
7 284
8 243
9 170
10 160
11 150
12 174
0 84
1 85
2 50
3 21
4 32
5 33
6 30
7 284
8 243
9 170
10 161
11 204
12 183
0 84
1 85
2 50
3 21
4 38
5 39
6 30
7 284
8 243
9 170
10 162
11 212
12 186
0 84
1 85
2 50
3 21
4 44
5 45
6 30
7 284
8 243
9 170
10 163
11 221
12 189
0 84
1 85
2 50
3 21
4 56
5 57
6 30
7 284
8 243
9 170
10 165
11 251
12 192
0 84
1 85
2 50
3 21
4 68
5 69
6 30
7 284
8 243
9 170
10 167
11 270
12 195
0 84
1 85
2 50
3 21
4 89
5 90
6 30
7 284
8 243
9 170
10 171
11 287
12 198
0 89
1 90
2 30
3 21
4 19
5 12
6 20
7 287
8 198
9 171
10 152
11 141
12 151
0 89
1 90
2 30
3 21
4 22
5 16
6 20
7 287
8 198
9 171
10 158
11 148
12 153
0 89
1 90
2 30
3 21
4 23
5 12
6 24
7 287
8 198
9 171
10 159
11 142
12 173
0 89
1 90
2 30
3 21
4 28
5 16
6 24
7 287
8 198
9 171
10 160
11 150
12 174
0 89
1 90
2 30
3 21
4 51
5 52
6 50
7 287
8 198
9 171
10 164
11 248
12 231
0 89
1 90
2 30
3 21
4 61
5 62
6 50
7 287
8 198
9 171
10 166
11 254
12 234
0 89
1 90
2 30
3 21
4 74
5 75
6 50
7 287
8 198
9 171
10 168
11 278
12 237
0 89
1 90
2 30
3 21
4 79
5 80
6 50
7 287
8 198
9 171
10 169
11 281
12 240
0 89
1 90
2 30
3 21
4 84
5 85
6 50
7 287
8 198
9 171
10 170
11 284
12 243
0 89
1 90
2 30
3 21
4 94
5 95
6 50
7 287
8 198
9 171
10 172
11 290
12 246
0 94
1 95
2 50
3 21
4 19
5 12
6 20
7 290
8 246
9 172
10 152
11 141
12 151
0 94
1 95
2 50
3 21
4 22
5 16
6 20
7 290
8 246
9 172
10 158
11 148
12 153
0 94
1 95
2 50
3 21
4 23
5 12
6 24
7 290
8 246
9 172
10 159
11 142
12 173
0 94
1 95
2 50
3 21
4 28
5 16
6 24
7 290
8 246
9 172
10 160
11 150
12 174
0 94
1 95
2 50
3 21
4 32
5 33
6 30
7 290
8 246
9 172
10 161
11 204
12 183
0 94
1 95
2 50
3 21
4 38
5 39
6 30
7 290
8 246
9 172
10 162
11 212
12 186
0 94
1 95
2 50
3 21
4 44
5 45
6 30
7 290
8 246
9 172
10 163
11 221
12 189
0 94
1 95
2 50
3 21
4 56
5 57
6 30
7 290
8 246
9 172
10 165
11 251
12 192
0 94
1 95
2 50
3 21
4 68
5 69
6 30
7 290
8 246
9 172
10 167
11 270
12 195
0 94
1 95
2 50
3 21
4 89
5 90
6 30
7 290
8 246
9 172
10 171
11 287
12 198
0 47
1 24
2 45
3 43
4 64
5 20
6 62
7 176
8 223
9 216
10 218
11 157
12 256
0 64
1 20
2 62
3 43
4 47
5 24
6 45
7 157
8 256
9 218
10 216
11 176
12 223
0 54
1 24
2 52
3 49
4 59
5 20
6 57
7 178
8 250
9 226
10 228
11 155
12 253
0 59
1 20
2 57
3 49
4 54
5 24
6 52
7 155
8 253
9 228
10 226
11 178
12 250
