0 19
1 21
2 20
3 12
4 25
5 10
6 26
7 22
8 16
9 27
10 5
11 152
12 151
13 141
14 143
15 179
16 133
17 158
18 153
19 148
20 149
21 180
22 124
0 23
1 21
2 24
3 12
4 25
5 10
6 26
7 28
8 16
9 27
10 5
11 159
12 173
13 142
14 143
15 179
16 133
17 160
18 174
19 150
20 149
21 180
22 124
0 22
1 21
2 20
3 16
4 27
5 5
6 26
7 19
8 12
9 25
10 10
11 158
12 153
13 148
14 149
15 180
16 124
17 152
18 151
19 141
20 143
21 179
22 133
0 28
1 21
2 24
3 16
4 27
5 5
6 26
7 23
8 12
9 25
10 10
11 160
12 174
13 150
14 149
15 180
16 124
17 159
18 173
19 142
20 143
21 179
22 133
