0 0
1 1
2 2
3 3
4 7
5 8
6 102
7 103
8 104
9 106
10 108
11 130
0 0
1 1
2 2
3 3
4 18
5 14
6 102
7 103
8 104
9 107
10 109
11 145
0 7
1 8
2 2
3 3
4 0
5 1
6 130
7 106
8 108
9 103
10 104
11 102
0 7
1 8
2 2
3 3
4 18
5 14
6 130
7 106
8 108
9 107
10 109
11 145
0 18
1 14
2 2
3 3
4 0
5 1
6 145
7 107
8 109
9 103
10 104
11 102
0 18
1 14
2 2
3 3
4 7
5 8
6 145
7 107
8 109
9 106
10 108
11 130
0 34
1 33
2 30
3 3
4 40
5 39
6 205
7 184
8 110
9 187
10 111
11 213
0 34
1 33
2 30
3 3
4 46
5 45
6 205
7 184
8 110
9 190
10 112
11 222
0 34
1 33
2 30
3 3
4 58
5 57
6 205
7 184
8 110
9 193
10 114
11 252
0 34
1 33
2 30
3 3
4 70
5 69
6 205
7 184
8 110
9 196
10 116
11 271
0 34
1 33
2 30
3 3
4 91
5 90
6 205
7 184
8 110
9 199
10 120
11 288
0 40
1 39
2 30
3 3
4 34
5 33
6 213
7 187
8 111
9 184
10 110
11 205
0 40
1 39
2 30
3 3
4 46
5 45
6 213
7 187
8 111
9 190
10 112
11 222
0 40
1 39
2 30
3 3
4 58
5 57
6 213
7 187
8 111
9 193
10 114
11 252
0 40
1 39
2 30
3 3
4 70
5 69
6 213
7 187
8 111
9 196
10 116
11 271
0 40
1 39
2 30
3 3
4 91
5 90
6 213
7 187
8 111
9 199
10 120
11 288
0 46
1 45
2 30
3 3
4 34
5 33
6 222
7 190
8 112
9 184
10 110
11 205
0 46
1 45
2 30
3 3
4 40
5 39
6 222
7 190
8 112
9 187
10 111
11 213
0 46
1 45
2 30
3 3
4 58
5 57
6 222
7 190
8 112
9 193
10 114
11 252
0 46
1 45
2 30
3 3
4 70
5 69
6 222
7 190
8 112
9 196
10 116
11 271
0 46
1 45
2 30
3 3
4 91
5 90
6 222
7 190
8 112
9 199
10 120
11 288
0 58
1 57
2 30
3 3
4 34
5 33
6 252
7 193
8 114
9 184
10 110
11 205
0 58
1 57
2 30
3 3
4 40
5 39
6 252
7 193
8 114
9 187
10 111
11 213
0 58
1 57
2 30
3 3
4 46
5 45
6 252
7 193
8 114
9 190
10 112
11 222
0 58
1 57
2 30
3 3
4 70
5 69
6 252
7 193
8 114
9 196
10 116
11 271
0 58
1 57
2 30
3 3
4 91
5 90
6 252
7 193
8 114
9 199
10 120
11 288
0 65
1 66
2 30
3 67
4 88
5 73
6 257
7 194
8 258
9 197
10 266
11 275
0 70
1 69
2 30
3 3
4 34
5 33
6 271
7 196
8 116
9 184
10 110
11 205
0 70
1 69
2 30
3 3
4 40
5 39
6 271
7 196
8 116
9 187
10 111
11 213
0 70
1 69
2 30
3 3
4 46
5 45
6 271
7 196
8 116
9 190
10 112
11 222
0 70
1 69
2 30
3 3
4 58
5 57
6 271
7 196
8 116
9 193
10 114
11 252
0 70
1 69
2 30
3 3
4 91
5 90
6 271
7 196
8 116
9 199
10 120
11 288
0 88
1 73
2 30
3 67
4 65
5 66
6 275
7 197
8 266
9 194
10 258
11 257
0 91
1 90
2 30
3 3
4 34
5 33
6 288
7 199
8 120
9 184
10 110
11 205
0 91
1 90
2 30
3 3
4 40
5 39
6 288
7 199
8 120
9 187
10 111
11 213
0 91
1 90
2 30
3 3
4 46
5 45
6 288
7 199
8 120
9 190
10 112
11 222
0 91
1 90
2 30
3 3
4 58
5 57
6 288
7 199
8 120
9 193
10 114
11 252
0 91
1 90
2 30
3 3
4 70
5 69
6 288
7 199
8 120
9 196
10 116
11 271
0 53
1 52
2 50
3 3
4 63
5 62
6 249
7 232
8 113
9 235
10 115
11 255
0 53
1 52
2 50
3 3
4 76
5 75
6 249
7 232
8 113
9 238
10 117
11 279
0 53
1 52
2 50
3 3
4 81
5 80
6 249
7 232
8 113
9 241
10 118
11 282
0 53
1 52
2 50
3 3
4 86
5 85
6 249
7 232
8 113
9 244
10 119
11 285
0 53
1 52
2 50
3 3
4 96
5 95
6 249
7 232
8 113
9 247
10 121
11 291
0 63
1 62
2 50
3 3
4 53
5 52
6 255
7 235
8 115
9 232
10 113
11 249
0 63
1 62
2 50
3 3
4 76
5 75
6 255
7 235
8 115
9 238
10 117
11 279
0 63
1 62
2 50
3 3
4 81
5 80
6 255
7 235
8 115
9 241
10 118
11 282
0 63
1 62
2 50
3 3
4 86
5 85
6 255
7 235
8 115
9 244
10 119
11 285
0 63
1 62
2 50
3 3
4 96
5 95
6 255
7 235
8 115
9 247
10 121
11 291
0 76
1 75
2 50
3 3
4 53
5 52
6 279
7 238
8 117
9 232
10 113
11 249
0 76
1 75
2 50
3 3
4 63
5 62
6 279
7 238
8 117
9 235
10 115
11 255
0 76
1 75
2 50
3 3
4 81
5 80
6 279
7 238
8 117
9 241
10 118
11 282
0 76
1 75
2 50
3 3
4 86
5 85
6 279
7 238
8 117
9 244
10 119
11 285
0 76
1 75
2 50
3 3
4 96
5 95
6 279
7 238
8 117
9 247
10 121
11 291
0 78
1 31
2 50
3 67
4 93
5 37
6 201
7 239
8 264
9 245
10 268
11 209
0 81
1 80
2 50
3 3
4 53
5 52
6 282
7 241
8 118
9 232
10 113
11 249
0 81
1 80
2 50
3 3
4 63
5 62
6 282
7 241
8 118
9 235
10 115
11 255
0 81
1 80
2 50
3 3
4 76
5 75
6 282
7 241
8 118
9 238
10 117
11 279
0 81
1 80
2 50
3 3
4 86
5 85
6 282
7 241
8 118
9 244
10 119
11 285
0 81
1 80
2 50
3 3
4 96
5 95
6 282
7 241
8 118
9 247
10 121
11 291
0 86
1 85
2 50
3 3
4 53
5 52
6 285
7 244
8 119
9 232
10 113
11 249
0 86
1 85
2 50
3 3
4 63
5 62
6 285
7 244
8 119
9 235
10 115
11 255
0 86
1 85
2 50
3 3
4 76
5 75
6 285
7 244
8 119
9 238
10 117
11 279
0 86
1 85
2 50
3 3
4 81
5 80
6 285
7 244
8 119
9 241
10 118
11 282
0 86
1 85
2 50
3 3
4 96
5 95
6 285
7 244
8 119
9 247
10 121
11 291
0 93
1 37
2 50
3 67
4 78
5 31
6 209
7 245
8 268
9 239
10 264
11 201
0 96
1 95
2 50
3 3
4 53
5 52
6 291
7 247
8 121
9 232
10 113
11 249
0 96
1 95
2 50
3 3
4 63
5 62
6 291
7 247
8 121
9 235
10 115
11 255
0 96
1 95
2 50
3 3
4 76
5 75
6 291
7 247
8 121
9 238
10 117
11 279
0 96
1 95
2 50
3 3
4 81
5 80
6 291
7 247
8 121
9 241
10 118
11 282
0 96
1 95
2 50
3 3
4 86
5 85
6 291
7 247
8 121
9 244
10 119
11 285
