0 0
1 1
2 2
3 3
4 34
5 33
6 30
7 102
8 103
9 104
10 110
11 205
12 184
0 0
1 1
2 2
3 3
4 40
5 39
6 30
7 102
8 103
9 104
10 111
11 213
12 187
0 0
1 1
2 2
3 3
4 46
5 45
6 30
7 102
8 103
9 104
10 112
11 222
12 190
0 0
1 1
2 2
3 3
4 53
5 52
6 50
7 102
8 103
9 104
10 113
11 249
12 232
0 0
1 1
2 2
3 3
4 58
5 57
6 30
7 102
8 103
9 104
10 114
11 252
12 193
0 0
1 1
2 2
3 3
4 63
5 62
6 50
7 102
8 103
9 104
10 115
11 255
12 235
0 0
1 1
2 2
3 3
4 70
5 69
6 30
7 102
8 103
9 104
10 116
11 271
12 196
0 0
1 1
2 2
3 3
4 76
5 75
6 50
7 102
8 103
9 104
10 117
11 279
12 238
0 0
1 1
2 2
3 3
4 81
5 80
6 50
7 102
8 103
9 104
10 118
11 282
12 241
0 0
1 1
2 2
3 3
4 86
5 85
6 50
7 102
8 103
9 104
10 119
11 285
12 244
0 0
1 1
2 2
3 3
4 91
5 90
6 30
7 102
8 103
9 104
10 120
11 288
12 199
0 0
1 1
2 2
3 3
4 96
5 95
6 50
7 102
8 103
9 104
10 121
11 291
12 247
0 7
1 8
2 2
3 3
4 34
5 33
6 30
7 130
8 106
9 108
10 110
11 205
12 184
0 7
1 8
2 2
3 3
4 40
5 39
6 30
7 130
8 106
9 108
10 111
11 213
12 187
0 7
1 8
2 2
3 3
4 46
5 45
6 30
7 130
8 106
9 108
10 112
11 222
12 190
0 7
1 8
2 2
3 3
4 53
5 52
6 50
7 130
8 106
9 108
10 113
11 249
12 232
0 7
1 8
2 2
3 3
4 58
5 57
6 30
7 130
8 106
9 108
10 114
11 252
12 193
0 7
1 8
2 2
3 3
4 63
5 62
6 50
7 130
8 106
9 108
10 115
11 255
12 235
0 7
1 8
2 2
3 3
4 70
5 69
6 30
7 130
8 106
9 108
10 116
11 271
12 196
0 7
1 8
2 2
3 3
4 76
5 75
6 50
7 130
8 106
9 108
10 117
11 279
12 238
0 7
1 8
2 2
3 3
4 81
5 80
6 50
7 130
8 106
9 108
10 118
11 282
12 241
0 7
1 8
2 2
3 3
4 86
5 85
6 50
7 130
8 106
9 108
10 119
11 285
12 244
0 7
1 8
2 2
3 3
4 91
5 90
6 30
7 130
8 106
9 108
10 120
11 288
12 199
0 7
1 8
2 2
3 3
4 96
5 95
6 50
7 130
8 106
9 108
10 121
11 291
12 247
0 18
1 14
2 2
3 3
4 34
5 33
6 30
7 145
8 107
9 109
10 110
11 205
12 184
0 18
1 14
2 2
3 3
4 40
5 39
6 30
7 145
8 107
9 109
10 111
11 213
12 187
0 18
1 14
2 2
3 3
4 46
5 45
6 30
7 145
8 107
9 109
10 112
11 222
12 190
0 18
1 14
2 2
3 3
4 53
5 52
6 50
7 145
8 107
9 109
10 113
11 249
12 232
0 18
1 14
2 2
3 3
4 58
5 57
6 30
7 145
8 107
9 109
10 114
11 252
12 193
0 18
1 14
2 2
3 3
4 63
5 62
6 50
7 145
8 107
9 109
10 115
11 255
12 235
0 18
1 14
2 2
3 3
4 70
5 69
6 30
7 145
8 107
9 109
10 116
11 271
12 196
0 18
1 14
2 2
3 3
4 76
5 75
6 50
7 145
8 107
9 109
10 117
11 279
12 238
0 18
1 14
2 2
3 3
4 81
5 80
6 50
7 145
8 107
9 109
10 118
11 282
12 241
0 18
1 14
2 2
3 3
4 86
5 85
6 50
7 145
8 107
9 109
10 119
11 285
12 244
0 18
1 14
2 2
3 3
4 91
5 90
6 30
7 145
8 107
9 109
10 120
11 288
12 199
0 18
1 14
2 2
3 3
4 96
5 95
6 50
7 145
8 107
9 109
10 121
11 291
12 247
0 34
1 33
2 30
3 3
4 0
5 1
6 2
7 205
8 184
9 110
10 104
11 102
12 103
0 34
1 33
2 30
3 3
4 7
5 8
6 2
7 205
8 184
9 110
10 108
11 130
12 106
0 34
1 33
2 30
3 3
4 18
5 14
6 2
7 205
8 184
9 110
10 109
11 145
12 107
0 34
1 33
2 30
3 3
4 53
5 52
6 50
7 205
8 184
9 110
10 113
11 249
12 232
0 34
1 33
2 30
3 3
4 63
5 62
6 50
7 205
8 184
9 110
10 115
11 255
12 235
0 34
1 33
2 30
3 3
4 76
5 75
6 50
7 205
8 184
9 110
10 117
11 279
12 238
0 34
1 33
2 30
3 3
4 81
5 80
6 50
7 205
8 184
9 110
10 118
11 282
12 241
0 34
1 33
2 30
3 3
4 86
5 85
6 50
7 205
8 184
9 110
10 119
11 285
12 244
0 34
1 33
2 30
3 3
4 96
5 95
6 50
7 205
8 184
9 110
10 121
11 291
12 247
0 40
1 39
2 30
3 3
4 0
5 1
6 2
7 213
8 187
9 111
10 104
11 102
12 103
0 40
1 39
2 30
3 3
4 7
5 8
6 2
7 213
8 187
9 111
10 108
11 130
12 106
0 40
1 39
2 30
3 3
4 18
5 14
6 2
7 213
8 187
9 111
10 109
11 145
12 107
0 40
1 39
2 30
3 3
4 53
5 52
6 50
7 213
8 187
9 111
10 113
11 249
12 232
0 40
1 39
2 30
3 3
4 63
5 62
6 50
7 213
8 187
9 111
10 115
11 255
12 235
0 40
1 39
2 30
3 3
4 76
5 75
6 50
7 213
8 187
9 111
10 117
11 279
12 238
0 40
1 39
2 30
3 3
4 81
5 80
6 50
7 213
8 187
9 111
10 118
11 282
12 241
0 40
1 39
2 30
3 3
4 86
5 85
6 50
7 213
8 187
9 111
10 119
11 285
12 244
0 40
1 39
2 30
3 3
4 96
5 95
6 50
7 213
8 187
9 111
10 121
11 291
12 247
0 46
1 45
2 30
3 3
4 0
5 1
6 2
7 222
8 190
9 112
10 104
11 102
12 103
0 46
1 45
2 30
3 3
4 7
5 8
6 2
7 222
8 190
9 112
10 108
11 130
12 106
0 46
1 45
2 30
3 3
4 18
5 14
6 2
7 222
8 190
9 112
10 109
11 145
12 107
0 46
1 45
2 30
3 3
4 53
5 52
6 50
7 222
8 190
9 112
10 113
11 249
12 232
0 46
1 45
2 30
3 3
4 63
5 62
6 50
7 222
8 190
9 112
10 115
11 255
12 235
0 46
1 45
2 30
3 3
4 76
5 75
6 50
7 222
8 190
9 112
10 117
11 279
12 238
0 46
1 45
2 30
3 3
4 81
5 80
6 50
7 222
8 190
9 112
10 118
11 282
12 241
0 46
1 45
2 30
3 3
4 86
5 85
6 50
7 222
8 190
9 112
10 119
11 285
12 244
0 46
1 45
2 30
3 3
4 96
5 95
6 50
7 222
8 190
9 112
10 121
11 291
12 247
0 53
1 52
2 50
3 3
4 0
5 1
6 2
7 249
8 232
9 113
10 104
11 102
12 103
0 53
1 52
2 50
3 3
4 7
5 8
6 2
7 249
8 232
9 113
10 108
11 130
12 106
0 53
1 52
2 50
3 3
4 18
5 14
6 2
7 249
8 232
9 113
10 109
11 145
12 107
0 53
1 52
2 50
3 3
4 34
5 33
6 30
7 249
8 232
9 113
10 110
11 205
12 184
0 53
1 52
2 50
3 3
4 40
5 39
6 30
7 249
8 232
9 113
10 111
11 213
12 187
0 53
1 52
2 50
3 3
4 46
5 45
6 30
7 249
8 232
9 113
10 112
11 222
12 190
0 53
1 52
2 50
3 3
4 58
5 57
6 30
7 249
8 232
9 113
10 114
11 252
12 193
0 53
1 52
2 50
3 3
4 70
5 69
6 30
7 249
8 232
9 113
10 116
11 271
12 196
0 53
1 52
2 50
3 3
4 91
5 90
6 30
7 249
8 232
9 113
10 120
11 288
12 199
0 58
1 57
2 30
3 3
4 0
5 1
6 2
7 252
8 193
9 114
10 104
11 102
12 103
0 58
1 57
2 30
3 3
4 7
5 8
6 2
7 252
8 193
9 114
10 108
11 130
12 106
0 58
1 57
2 30
3 3
4 18
5 14
6 2
7 252
8 193
9 114
10 109
11 145
12 107
0 58
1 57
2 30
3 3
4 53
5 52
6 50
7 252
8 193
9 114
10 113
11 249
12 232
0 58
1 57
2 30
3 3
4 63
5 62
6 50
7 252
8 193
9 114
10 115
11 255
12 235
0 58
1 57
2 30
3 3
4 76
5 75
6 50
7 252
8 193
9 114
10 117
11 279
12 238
0 58
1 57
2 30
3 3
4 81
5 80
6 50
7 252
8 193
9 114
10 118
11 282
12 241
0 58
1 57
2 30
3 3
4 86
5 85
6 50
7 252
8 193
9 114
10 119
11 285
12 244
0 58
1 57
2 30
3 3
4 96
5 95
6 50
7 252
8 193
9 114
10 121
11 291
12 247
0 63
1 62
2 50
3 3
4 0
5 1
6 2
7 255
8 235
9 115
10 104
11 102
12 103
0 63
1 62
2 50
3 3
4 7
5 8
6 2
7 255
8 235
9 115
10 108
11 130
12 106
0 63
1 62
2 50
3 3
4 18
5 14
6 2
7 255
8 235
9 115
10 109
11 145
12 107
0 63
1 62
2 50
3 3
4 34
5 33
6 30
7 255
8 235
9 115
10 110
11 205
12 184
0 63
1 62
2 50
3 3
4 40
5 39
6 30
7 255
8 235
9 115
10 111
11 213
12 187
0 63
1 62
2 50
3 3
4 46
5 45
6 30
7 255
8 235
9 115
10 112
11 222
12 190
0 63
1 62
2 50
3 3
4 58
5 57
6 30
7 255
8 235
9 115
10 114
11 252
12 193
0 63
1 62
2 50
3 3
4 70
5 69
6 30
7 255
8 235
9 115
10 116
11 271
12 196
0 63
1 62
2 50
3 3
4 91
5 90
6 30
7 255
8 235
9 115
10 120
11 288
12 199
0 70
1 69
2 30
3 3
4 0
5 1
6 2
7 271
8 196
9 116
10 104
11 102
12 103
0 70
1 69
2 30
3 3
4 7
5 8
6 2
7 271
8 196
9 116
10 108
11 130
12 106
0 70
1 69
2 30
3 3
4 18
5 14
6 2
7 271
8 196
9 116
10 109
11 145
12 107
0 70
1 69
2 30
3 3
4 53
5 52
6 50
7 271
8 196
9 116
10 113
11 249
12 232
0 70
1 69
2 30
3 3
4 63
5 62
6 50
7 271
8 196
9 116
10 115
11 255
12 235
0 70
1 69
2 30
3 3
4 76
5 75
6 50
7 271
8 196
9 116
10 117
11 279
12 238
0 70
1 69
2 30
3 3
4 81
5 80
6 50
7 271
8 196
9 116
10 118
11 282
12 241
0 70
1 69
2 30
3 3
4 86
5 85
6 50
7 271
8 196
9 116
10 119
11 285
12 244
0 70
1 69
2 30
3 3
4 96
5 95
6 50
7 271
8 196
9 116
10 121
11 291
12 247
0 76
1 75
2 50
3 3
4 0
5 1
6 2
7 279
8 238
9 117
10 104
11 102
12 103
0 76
1 75
2 50
3 3
4 7
5 8
6 2
7 279
8 238
9 117
10 108
11 130
12 106
0 76
1 75
2 50
3 3
4 18
5 14
6 2
7 279
8 238
9 117
10 109
11 145
12 107
0 76
1 75
2 50
3 3
4 34
5 33
6 30
7 279
8 238
9 117
10 110
11 205
12 184
0 76
1 75
2 50
3 3
4 40
5 39
6 30
7 279
8 238
9 117
10 111
11 213
12 187
0 76
1 75
2 50
3 3
4 46
5 45
6 30
7 279
8 238
9 117
10 112
11 222
12 190
0 76
1 75
2 50
3 3
4 58
5 57
6 30
7 279
8 238
9 117
10 114
11 252
12 193
0 76
1 75
2 50
3 3
4 70
5 69
6 30
7 279
8 238
9 117
10 116
11 271
12 196
0 76
1 75
2 50
3 3
4 91
5 90
6 30
7 279
8 238
9 117
10 120
11 288
12 199
0 81
1 80
2 50
3 3
4 0
5 1
6 2
7 282
8 241
9 118
10 104
11 102
12 103
0 81
1 80
2 50
3 3
4 7
5 8
6 2
7 282
8 241
9 118
10 108
11 130
12 106
0 81
1 80
2 50
3 3
4 18
5 14
6 2
7 282
8 241
9 118
10 109
11 145
12 107
0 81
1 80
2 50
3 3
4 34
5 33
6 30
7 282
8 241
9 118
10 110
11 205
12 184
0 81
1 80
2 50
3 3
4 40
5 39
6 30
7 282
8 241
9 118
10 111
11 213
12 187
0 81
1 80
2 50
3 3
4 46
5 45
6 30
7 282
8 241
9 118
10 112
11 222
12 190
0 81
1 80
2 50
3 3
4 58
5 57
6 30
7 282
8 241
9 118
10 114
11 252
12 193
0 81
1 80
2 50
3 3
4 70
5 69
6 30
7 282
8 241
9 118
10 116
11 271
12 196
0 81
1 80
2 50
3 3
4 91
5 90
6 30
7 282
8 241
9 118
10 120
11 288
12 199
0 86
1 85
2 50
3 3
4 0
5 1
6 2
7 285
8 244
9 119
10 104
11 102
12 103
0 86
1 85
2 50
3 3
4 7
5 8
6 2
7 285
8 244
9 119
10 108
11 130
12 106
0 86
1 85
2 50
3 3
4 18
5 14
6 2
7 285
8 244
9 119
10 109
11 145
12 107
0 86
1 85
2 50
3 3
4 34
5 33
6 30
7 285
8 244
9 119
10 110
11 205
12 184
0 86
1 85
2 50
3 3
4 40
5 39
6 30
7 285
8 244
9 119
10 111
11 213
12 187
0 86
1 85
2 50
3 3
4 46
5 45
6 30
7 285
8 244
9 119
10 112
11 222
12 190
0 86
1 85
2 50
3 3
4 58
5 57
6 30
7 285
8 244
9 119
10 114
11 252
12 193
0 86
1 85
2 50
3 3
4 70
5 69
6 30
7 285
8 244
9 119
10 116
11 271
12 196
0 86
1 85
2 50
3 3
4 91
5 90
6 30
7 285
8 244
9 119
10 120
11 288
12 199
0 91
1 90
2 30
3 3
4 0
5 1
6 2
7 288
8 199
9 120
10 104
11 102
12 103
0 91
1 90
2 30
3 3
4 7
5 8
6 2
7 288
8 199
9 120
10 108
11 130
12 106
0 91
1 90
2 30
3 3
4 18
5 14
6 2
7 288
8 199
9 120
10 109
11 145
12 107
0 91
1 90
2 30
3 3
4 53
5 52
6 50
7 288
8 199
9 120
10 113
11 249
12 232
0 91
1 90
2 30
3 3
4 63
5 62
6 50
7 288
8 199
9 120
10 115
11 255
12 235
0 91
1 90
2 30
3 3
4 76
5 75
6 50
7 288
8 199
9 120
10 117
11 279
12 238
0 91
1 90
2 30
3 3
4 81
5 80
6 50
7 288
8 199
9 120
10 118
11 282
12 241
0 91
1 90
2 30
3 3
4 86
5 85
6 50
7 288
8 199
9 120
10 119
11 285
12 244
0 91
1 90
2 30
3 3
4 96
5 95
6 50
7 288
8 199
9 120
10 121
11 291
12 247
0 96
1 95
2 50
3 3
4 0
5 1
6 2
7 291
8 247
9 121
10 104
11 102
12 103
0 96
1 95
2 50
3 3
4 7
5 8
6 2
7 291
8 247
9 121
10 108
11 130
12 106
0 96
1 95
2 50
3 3
4 18
5 14
6 2
7 291
8 247
9 121
10 109
11 145
12 107
0 96
1 95
2 50
3 3
4 34
5 33
6 30
7 291
8 247
9 121
10 110
11 205
12 184
0 96
1 95
2 50
3 3
4 40
5 39
6 30
7 291
8 247
9 121
10 111
11 213
12 187
0 96
1 95
2 50
3 3
4 46
5 45
6 30
7 291
8 247
9 121
10 112
11 222
12 190
0 96
1 95
2 50
3 3
4 58
5 57
6 30
7 291
8 247
9 121
10 114
11 252
12 193
0 96
1 95
2 50
3 3
4 70
5 69
6 30
7 291
8 247
9 121
10 116
11 271
12 196
0 96
1 95
2 50
3 3
4 91
5 90
6 30
7 291
8 247
9 121
10 120
11 288
12 199
0 11
1 12
2 13
3 14
4 15
5 16
6 17
7 138
8 139
9 140
10 144
11 146
12 147
0 15
1 16
2 17
3 14
4 11
5 12
6 13
7 146
8 147
9 144
10 140
11 138
12 139
0 55
1 49
2 30
3 20
4 60
5 43
6 50
7 227
8 191
9 154
10 156
11 217
12 233
0 60
1 43
2 50
3 20
4 55
5 49
6 30
7 217
8 233
9 156
10 154
11 227
12 191
0 42
1 43
2 30
3 24
4 48
5 49
6 50
7 215
8 188
9 175
10 177
11 224
12 225
0 48
1 49
2 50
3 24
4 42
5 43
6 30
7 224
8 225
9 177
10 175
11 215
12 188
0 65
1 66
2 30
3 67
4 78
5 31
6 50
7 257
8 194
9 258
10 264
11 201
12 239
0 65
1 66
2 30
3 67
4 93
5 37
6 50
7 257
8 194
9 258
10 268
11 209
12 245
0 78
1 31
2 50
3 67
4 65
5 66
6 30
7 201
8 239
9 264
10 258
11 257
12 194
0 78
1 31
2 50
3 67
4 88
5 73
6 30
7 201
8 239
9 264
10 266
11 275
12 197
0 88
1 73
2 30
3 67
4 78
5 31
6 50
7 275
8 197
9 266
10 264
11 201
12 239
0 88
1 73
2 30
3 67
4 93
5 37
6 50
7 275
8 197
9 266
10 268
11 209
12 245
0 93
1 37
2 50
3 67
4 65
5 66
6 30
7 209
8 245
9 268
10 258
11 257
12 194
0 93
1 37
2 50
3 67
4 88
5 73
6 30
7 209
8 245
9 268
10 266
11 275
12 197
