0 0
1 1
2 2
3 3
4 10
5 9
6 5
7 33
8 34
9 35
10 45
11 62
12 52
0 0
1 1
2 2
3 3
4 11
5 5
6 9
7 33
8 34
9 35
10 46
11 53
12 63
0 0
1 1
2 2
3 3
4 21
5 22
6 23
7 33
8 34
9 35
10 47
11 76
12 77
0 0
1 1
2 2
3 3
4 24
5 22
6 9
7 33
8 34
9 35
10 48
11 78
12 66
0 0
1 1
2 2
3 3
4 28
5 23
6 5
7 33
8 34
9 35
10 49
11 83
12 56
0 0
1 1
2 2
3 3
4 29
5 23
6 22
7 33
8 34
9 35
10 50
11 84
12 80
0 4
1 5
2 2
3 3
4 21
5 22
6 23
7 51
8 38
9 42
10 47
11 76
12 77
0 4
1 5
2 2
3 3
4 24
5 22
6 9
7 51
8 38
9 42
10 48
11 78
12 66
0 4
1 5
2 2
3 3
4 29
5 23
6 22
7 51
8 38
9 42
10 50
11 84
12 80
0 6
1 7
2 2
3 3
4 10
5 9
6 5
7 58
8 39
9 43
10 45
11 62
12 52
0 6
1 7
2 2
3 3
4 11
5 5
6 9
7 58
8 39
9 43
10 46
11 53
12 63
0 6
1 7
2 2
3 3
4 21
5 22
6 23
7 58
8 39
9 43
10 47
11 76
12 77
0 6
1 7
2 2
3 3
4 24
5 22
6 9
7 58
8 39
9 43
10 48
11 78
12 66
0 6
1 7
2 2
3 3
4 28
5 23
6 5
7 58
8 39
9 43
10 49
11 83
12 56
0 6
1 7
2 2
3 3
4 29
5 23
6 22
7 58
8 39
9 43
10 50
11 84
12 80
0 8
1 9
2 2
3 3
4 21
5 22
6 23
7 61
8 40
9 44
10 47
11 76
12 77
0 8
1 9
2 2
3 3
4 28
5 23
6 5
7 61
8 40
9 44
10 49
11 83
12 56
0 8
1 9
2 2
3 3
4 29
5 23
6 22
7 61
8 40
9 44
10 50
11 84
12 80
0 10
1 9
2 5
3 3
4 0
5 1
6 2
7 62
8 52
9 45
10 35
11 33
12 34
0 10
1 9
2 5
3 3
4 6
5 7
6 2
7 62
8 52
9 45
10 43
11 58
12 39
0 10
1 9
2 5
3 3
4 21
5 22
6 23
7 62
8 52
9 45
10 47
11 76
12 77
0 10
1 9
2 5
3 3
4 29
5 23
6 22
7 62
8 52
9 45
10 50
11 84
12 80
0 11
1 5
2 9
3 3
4 0
5 1
6 2
7 53
8 63
9 46
10 35
11 33
12 34
0 11
1 5
2 9
3 3
4 6
5 7
6 2
7 53
8 63
9 46
10 43
11 58
12 39
0 11
1 5
2 9
3 3
4 21
5 22
6 23
7 53
8 63
9 46
10 47
11 76
12 77
0 11
1 5
2 9
3 3
4 29
5 23
6 22
7 53
8 63
9 46
10 50
11 84
12 80
0 21
1 22
2 23
3 3
4 0
5 1
6 2
7 76
8 77
9 47
10 35
11 33
12 34
0 21
1 22
2 23
3 3
4 4
5 5
6 2
7 76
8 77
9 47
10 42
11 51
12 38
0 21
1 22
2 23
3 3
4 6
5 7
6 2
7 76
8 77
9 47
10 43
11 58
12 39
0 21
1 22
2 23
3 3
4 8
5 9
6 2
7 76
8 77
9 47
10 44
11 61
12 40
0 21
1 22
2 23
3 3
4 10
5 9
6 5
7 76
8 77
9 47
10 45
11 62
12 52
0 21
1 22
2 23
3 3
4 11
5 5
6 9
7 76
8 77
9 47
10 46
11 53
12 63
0 24
1 22
2 9
3 3
4 0
5 1
6 2
7 78
8 66
9 48
10 35
11 33
12 34
0 24
1 22
2 9
3 3
4 4
5 5
6 2
7 78
8 66
9 48
10 42
11 51
12 38
0 24
1 22
2 9
3 3
4 6
5 7
6 2
7 78
8 66
9 48
10 43
11 58
12 39
0 24
1 22
2 9
3 3
4 28
5 23
6 5
7 78
8 66
9 48
10 49
11 83
12 56
0 28
1 23
2 5
3 3
4 0
5 1
6 2
7 83
8 56
9 49
10 35
11 33
12 34
0 28
1 23
2 5
3 3
4 6
5 7
6 2
7 83
8 56
9 49
10 43
11 58
12 39
0 28
1 23
2 5
3 3
4 8
5 9
6 2
7 83
8 56
9 49
10 44
11 61
12 40
0 28
1 23
2 5
3 3
4 24
5 22
6 9
7 83
8 56
9 49
10 48
11 78
12 66
0 29
1 23
2 22
3 3
4 0
5 1
6 2
7 84
8 80
9 50
10 35
11 33
12 34
0 29
1 23
2 22
3 3
4 4
5 5
6 2
7 84
8 80
9 50
10 42
11 51
12 38
0 29
1 23
2 22
3 3
4 6
5 7
6 2
7 84
8 80
9 50
10 43
11 58
12 39
0 29
1 23
2 22
3 3
4 8
5 9
6 2
7 84
8 80
9 50
10 44
11 61
12 40
0 29
1 23
2 22
3 3
4 10
5 9
6 5
7 84
8 80
9 50
10 45
11 62
12 52
0 29
1 23
2 22
3 3
4 11
5 5
6 9
7 84
8 80
9 50
10 46
11 53
12 63
