0 15
1 7
2 16
3 13
4 17
5 1
6 18
7 59
8 74
9 70
10 71
11 36
12 75
0 17
1 1
2 18
3 13
4 15
5 7
6 16
7 36
8 75
9 71
10 70
11 59
12 74
0 12
1 13
2 2
3 14
4 25
5 26
6 23
7 68
8 41
9 69
10 72
11 86
12 82
0 12
1 13
2 2
3 14
4 30
5 31
6 5
7 68
8 41
9 69
10 73
11 88
12 57
0 25
1 26
2 23
3 14
4 12
5 13
6 2
7 86
8 82
9 72
10 69
11 68
12 41
0 25
1 26
2 23
3 14
4 30
5 31
6 5
7 86
8 82
9 72
10 73
11 88
12 57
0 30
1 31
2 5
3 14
4 12
5 13
6 2
7 88
8 57
9 73
10 69
11 68
12 41
0 30
1 31
2 5
3 14
4 25
5 26
6 23
7 88
8 57
9 73
10 72
11 86
12 82
