0 0
1 1
2 2
3 3
4 4
5 5
6 33
7 34
8 35
9 38
10 42
11 51
0 0
1 1
2 2
3 3
4 6
5 7
6 33
7 34
8 35
9 39
10 43
11 58
0 0
1 1
2 2
3 3
4 8
5 9
6 33
7 34
8 35
9 40
10 44
11 61
0 4
1 5
2 2
3 3
4 0
5 1
6 51
7 38
8 42
9 34
10 35
11 33
0 4
1 5
2 2
3 3
4 6
5 7
6 51
7 38
8 42
9 39
10 43
11 58
0 4
1 5
2 2
3 3
4 8
5 9
6 51
7 38
8 42
9 40
10 44
11 61
0 6
1 7
2 2
3 3
4 0
5 1
6 58
7 39
8 43
9 34
10 35
11 33
0 6
1 7
2 2
3 3
4 4
5 5
6 58
7 39
8 43
9 38
10 42
11 51
0 6
1 7
2 2
3 3
4 8
5 9
6 58
7 39
8 43
9 40
10 44
11 61
0 8
1 9
2 2
3 3
4 0
5 1
6 61
7 40
8 44
9 34
10 35
11 33
0 8
1 9
2 2
3 3
4 4
5 5
6 61
7 40
8 44
9 38
10 42
11 51
0 8
1 9
2 2
3 3
4 6
5 7
6 61
7 40
8 44
9 39
10 43
11 58
0 10
1 9
2 5
3 3
4 28
5 23
6 62
7 52
8 45
9 56
10 49
11 83
0 11
1 5
2 9
3 3
4 24
5 22
6 53
7 63
8 46
9 66
10 48
11 78
0 24
1 22
2 9
3 3
4 11
5 5
6 78
7 66
8 48
9 63
10 46
11 53
0 28
1 23
2 5
3 3
4 10
5 9
6 83
7 56
8 49
9 52
10 45
11 62
